Number of reaches
5	
Reach midpoint distance downstream, m
56580.0	90400.0	143200.0	207000.0	250400.0
Reach lengths, m
56580.0	33820.0	52800.0	63800.0	43400.0
Number of overpasses
107
Time, days
0	1	2	3	4	5	6	7	8	9	10	11	12	13	14	15	16	17	18	19	20	21	22	23	24	25	26	27	28	29	30	31	32	33	34	35	36	37	38	39	40	41	42	43	44	45	46	47	48	49	50	51	52	53	54	55	56	57	58	59	60	61	62	63	64	65	66	67	68	69	70	71	72	73	74	75	76	77	78	79	80	81	82	83	84	85	86	87	88	89	90	91	92	93	94	95	96	97	98	99	100	101	102	103	104	105	106
Height, meters
16.644166666666667	16.538333333333334	16.395	16.2225	16.031666666666666	15.875833333333334	15.747500000000002	15.631666666666668	15.555833333333334	15.561666666666667	15.6	15.620833333333332	15.624166666666666	15.61416666666667	15.5875	15.603333333333332	15.718333333333334	15.72	15.684166666666668	15.641666666666666	15.63666666666667	15.770000000000001	16.221666666666668	18.554166666666667	20.5525	21.590833333333336	22.276666666666667	22.047499999999996	21.37166666666667	20.576666666666668	19.845	19.336666666666662	19.04	18.835833333333333	18.651666666666664	18.4675	18.27333333333333	18.158333333333335	18.045	17.885	17.64583333333333	17.316666666666666	16.865	15.924999999999997	15.152500000000002	14.803333333333333	14.666666666666664	14.628333333333332	14.585833333333333	14.535833333333334	14.486666666666666	14.441666666666665	14.396666666666663	14.361666666666665	14.329166666666667	14.294166666666667	14.262499999999998	14.235833333333332	14.2125	14.1925	14.170833333333333	14.143333333333333	14.114166666666664	14.090000000000002	14.071666666666667	14.054166666666665	14.033333333333333	14.014999999999999	13.994999999999997	13.978333333333332	13.955	13.928333333333333	13.905000000000001	13.888333333333334	13.87416666666667	13.860833333333334	13.850000000000001	13.840000000000002	13.832500000000001	13.824166666666665	13.816666666666668	13.810000000000002	13.802499999999997	13.794166666666664	13.79	13.779166666666667	13.7725	13.763333333333335	13.759166666666667	13.751666666666663	13.748333333333333	13.743333333333334	13.735833333333334	13.731666666666664	13.725	13.719166666666668	13.714166666666666	13.705833333333333	13.698333333333332	13.690833333333332	13.686666666666667	13.68	13.673333333333332	13.665833333333333	13.662500000000001	13.6575	13.655833333333334
14.605714285714285	14.504285714285714	14.391428571428573	14.26	14.08	13.877142857142857	13.688571428571427	13.501428571428571	13.325714285714286	13.23285714285714	13.215714285714284	13.224285714285715	13.227142857142857	13.211428571428572	13.15857142857143	13.114285714285716	13.188571428571427	13.245714285714286	13.23857142857143	13.184285714285712	13.132857142857144	13.16714285714286	13.407142857142857	14.254285714285714	18.03142857142857	18.824285714285715	19.397142857142857	19.284285714285716	18.81	18.23428571428571	17.654285714285717	17.188571428571432	16.89	16.685714285714287	16.505714285714284	16.337142857142858	16.13857142857143	15.987142857142857	15.841428571428569	15.674285714285716	15.452857142857145	15.168571428571429	14.847142857142856	14.359999999999998	13.502857142857144	12.739999999999998	12.22	11.804285714285713	11.648571428571428	11.571428571428571	11.525714285714285	11.485714285714286	11.442857142857141	11.402857142857142	11.37142857142857	11.338571428571429	11.305714285714286	11.278571428571427	11.254285714285714	11.234285714285713	11.217142857142857	11.194285714285716	11.165714285714285	11.135714285714286	11.117142857142856	11.101428571428572	11.08	11.05857142857143	11.038571428571428	11.015714285714285	10.995714285714286	10.969999999999999	10.944285714285714	10.922857142857143	10.907142857142855	10.894285714285715	10.882857142857144	10.870000000000001	10.861428571428572	10.852857142857143	10.844285714285714	10.835714285714285	10.83	10.821428571428571	10.811428571428573	10.80285714285714	10.794285714285715	10.787142857142856	10.778571428571428	10.772857142857143	10.764285714285714	10.76142857142857	10.752857142857142	10.742857142857144	10.734285714285715	10.724285714285713	10.715714285714284	10.708571428571428	10.695714285714287	10.68857142857143	10.678571428571427	10.667142857142858	10.658571428571431	10.647142857142855	10.64	10.631428571428572	10.622857142857143
11.927499999999998	11.8575	11.807500000000001	11.757499999999999	11.704999999999998	11.631250000000001	11.5425	11.438749999999999	11.3475	11.261249999999999	11.216250000000002	11.196250000000001	11.0925	11.0125	10.9025	10.760000000000002	10.674999999999997	10.685	10.7025	10.6925	10.66	10.636249999999999	10.67375	10.866249999999999	12.947499999999998	14.347499999999998	14.76875	14.828750000000001	14.645	14.322499999999998	13.98	13.65625	13.387500000000001	13.209999999999999	13.062499999999998	12.915	12.7625	12.6	12.51	12.42125	12.338750000000001	12.216249999999999	12.045	11.864999999999998	11.653749999999999	11.31	10.9025	10.415000000000001	9.782499999999999	9.05625	8.70125	8.58	8.4975	8.401250000000001	8.3025	8.182499999999997	8.08375	8.01875	7.9775	7.95125	7.92875	7.899999999999999	7.86875	7.82625	7.786250000000001	7.755	7.72625	7.694999999999999	7.663749999999999	7.633750000000001	7.602500000000001	7.57375	7.54125	7.50625	7.47875	7.456250000000001	7.44	7.426250000000001	7.41375	7.40375	7.3950000000000005	7.385000000000002	7.376250000000001	7.36625	7.355	7.3462499999999995	7.336249999999999	7.32875	7.32	7.309999999999999	7.30125	7.2925	7.284999999999999	7.2749999999999995	7.26875	7.2575	7.246250000000001	7.236250000000001	7.228750000000001	7.218749999999999	7.20625	7.195	7.1850000000000005	7.175	7.161249999999999	7.15375	7.14625
9.615999999999998	9.552	9.476999999999999	9.407	9.347000000000001	9.296000000000001	9.251	9.196000000000002	9.14	9.069999999999999	8.996999999999998	8.975999999999999	8.959	8.918000000000001	8.857000000000001	8.783999999999999	8.712	8.642	8.67	8.728	8.764	8.76	8.763000000000002	8.798	8.886999999999997	10.324000000000002	11.632000000000001	12.171	12.400000000000002	11.940000000000001	11.516	11.163000000000002	10.893	10.697000000000001	10.561	10.450000000000001	10.346000000000002	10.239	10.141	10.063999999999998	10.000000000000002	9.935000000000002	9.854000000000001	9.749	9.616999999999999	9.466	9.273	9.053999999999998	8.778	8.180000000000003	7.6899999999999995	7.528999999999999	7.340999999999999	7.026000000000001	6.552	6.208	5.989000000000001	5.835999999999999	5.734	5.667	5.622999999999999	5.5920000000000005	5.563000000000001	5.525	5.484999999999999	5.447	5.409	5.375000000000001	5.345999999999999	5.315999999999999	5.287	5.261	5.232000000000001	5.202	5.169999999999999	5.139	5.114	5.09	5.073	5.057999999999999	5.043	5.031999999999999	5.02	5.010000000000001	4.999999999999999	4.99	4.98	4.970000000000001	4.96	4.949	4.940000000000001	4.931	4.923	4.915000000000001	4.906000000000001	4.898000000000001	4.888999999999999	4.881	4.872999999999999	4.863	4.855	4.844999999999999	4.834	4.826	4.8149999999999995	4.804	4.797
7.198333333333334	7.1816666666666675	7.140000000000001	7.103333333333333	7.071666666666666	7.038333333333334	7.005	6.956666666666668	6.895	6.886666666666667	6.946666666666666	6.748333333333332	6.7683333333333335	6.801666666666667	6.863333333333333	6.863333333333333	6.841666666666668	6.861666666666667	6.698333333333333	6.6433333333333335	6.5683333333333325	6.5616666666666665	6.555	6.569999999999999	6.579999999999999	6.625	8.644999999999998	10.931666666666667	11.089999999999998	10.133333333333335	9.591666666666667	9.1	8.708333333333334	8.396666666666667	8.166666666666666	7.993333333333333	7.87	7.775000000000001	7.715	7.724999999999999	7.8133333333333335	7.958333333333333	8.104999999999999	8.198333333333334	8.243333333333334	8.238333333333333	8.16	7.998333333333334	7.7683333333333335	7.47	7.0616666666666665	6.574999999999999	5.996666666666666	5.591666666666668	4.95	4.638333333333334	4.47	4.3533333333333335	4.256666666666667	4.195	4.151666666666666	4.116666666666666	4.095	4.068333333333334	4.034999999999999	4.003333333333333	3.975	3.9466666666666668	3.9199999999999995	3.893333333333333	3.8666666666666667	3.846666666666667	3.8266666666666667	3.8049999999999993	3.778333333333333	3.753333333333334	3.728333333333334	3.7099999999999995	3.6916666666666664	3.671666666666667	3.6566666666666676	3.643333333333333	3.6299999999999994	3.6216666666666675	3.611666666666667	3.6016666666666666	3.591666666666667	3.583333333333334	3.581666666666667	3.576666666666666	3.5666666666666664	3.561666666666667	3.5566666666666666	3.546666666666667	3.5349999999999997	3.5316666666666667	3.5283333333333338	3.5216666666666665	3.516666666666667	3.5100000000000002	3.5016666666666665	3.4949999999999997	3.4866666666666664	3.481666666666667	3.4716666666666662	3.4600000000000004	3.455
Height at baseflow, m
16.644166666666667	14.605714285714285	11.927499999999998	9.615999999999998	7.198333333333334
Slope, cm/km
4.330151997172145	4.3655001767408965	4.453870625662778	4.595263343937787	4.842700600919053	5.125486037469067	5.284552845528452	5.408271474019089	5.585012371862849	5.691056910569107	5.655708731000355	5.638034641215973	5.602686461647225	5.549664192294095	5.585012371862852	5.673382820784731	5.531990102509722	5.425945563803464	5.39059738423471	5.4259455638034675	5.496641922940971	5.620360551431604	6.009190526687873	8.819370802403679	3.623188405797103	3.322728879462706	2.8632025450689307	2.5804171085189127	2.492046659597031	2.5097207493814033	2.8278543655001793	3.322728879462706	3.6585365853658542	3.8352774832096115	3.958996111700245	4.047366560622127	4.2417815482502625	4.383174266525275	4.3124779073877715	4.047366560622127	3.605514316012724	3.0752916224814455	2.492046659597031	1.7497348886532347	3.8352774832096115	4.77200424178155	5.26687875574408	5.302226935312831	5.284552845528456	5.284552845528456	5.319901025097207	5.319901025097207	5.3729232944503345	5.443619653587841	5.4966419229409675	5.5319901025097185	5.585012371862849	5.6380346412159765	5.673382820784731	5.691056910569107	5.673382820784728	5.708731000353482	5.744079179922234	5.7794273594909855	5.814775539059736	5.81477553905974	5.832449628844116	5.867797808412867	5.885471898197243	5.903145987981619	5.9208200777659945	5.956168257334749	5.9915164369035	6.026864616472252	6.044538706256628	6.044538706256628	6.044538706256628	6.079886885825379	6.079886885825379	6.079886885825382	6.079886885825382	6.079886885825379	6.079886885825379	6.097560975609754	6.097560975609754	6.115235065394131	6.115235065394134	6.115235065394134	6.13290915517851	6.115235065394134	6.13290915517851	6.13290915517851	6.115235065394131	6.132909155178507	6.132909155178507	6.150583244962881	6.132909155178507	6.13290915517851	6.13290915517851	6.150583244962886	6.13290915517851	6.13290915517851	6.150583244962886	6.150583244962886	6.150583244962886	6.150583244962886	6.150583244962886
7.5103489059727995	7.273802483737431	6.9189828503843875	6.4163217031342406	5.913660555884093	5.617977528089889	5.529272619751629	5.558840922531049	5.529272619751624	5.736250739207568	6.031933767001772	6.1502069781194555	6.179775280898876	6.268480189237141	6.357185097575395	6.505026611472499	6.889414547604967	6.830277942046128	6.682436428149024	6.623299822590184	6.682436428149024	7.037256061502072	7.746895328208158	11.028976936723828	13.453577764636313	14.518036664695446	15.434654050857478	14.96156120638676	13.926670609107042	12.77350680070964	11.62034299231224	10.881135422826734	10.55588409225311	10.348905972797168	10.201064458900062	10.053222945002958	9.846244825547018	9.875813128326433	9.727971614429329	9.550561797752817	9.254878769958612	8.988764044943817	8.722649319929038	7.155529272619752	4.28740390301597	4.2874039030159645	5.381431105854525	7.628622117090474	8.8113542282673	9.343583678296866	9.373151981076287	9.373151981076287	9.284447072738025	9.166173861620342	9.107037256061503	8.988764044943824	8.929627439384978	8.840922531046719	8.781785925487874	8.722649319929038	8.69308101714962	8.633944411590775	8.545239503252514	8.48610289769367	8.42696629213483	8.39739798935541	8.33826138379657	8.30869308101715	8.279124778237726	8.30869308101715	8.279124778237732	8.219988172678887	8.160851567120046	8.160851567120046	8.131283264340627	8.101714961561207	8.101714961561207	8.072146658781788	8.072146658781788	8.072146658781783	8.042578356002362	8.042578356002362	8.013010053222942	8.013010053222947	8.013010053222947	7.953873447664108	7.953873447664103	7.924305144884682	7.924305144884682	7.953873447664103	7.953873447664103	7.953873447664103	7.9834417504435224	8.013010053222947	8.013010053222947	8.042578356002368	8.101714961561207	8.101714961561202	8.131283264340627	8.160851567120046	8.219988172678887	8.249556475458308	8.249556475458308	8.279124778237732	8.33826138379657	8.36782968657599	8.39739798935541
4.242424242424243	4.2992424242424265	4.318181818181817	4.31818181818182	4.2234848484848495	4.015151515151514	3.8068181818181817	3.6363636363636362	3.522727272727275	3.4280303030303036	3.3712121212121198	3.4090909090909105	3.9204545454545463	4.071969696969698	4.147727272727275	4.280303030303029	4.526515151515153	4.678030303030301	4.715909090909091	4.640151515151514	4.583333333333333	4.564393939393936	4.715909090909091	5.056818181818182	9.431818181818182	6.174242424242424	6.003787878787882	5.643939393939392	5.132575757575756	5.000000000000001	4.981060606060605	4.943181818181817	4.962121212121211	4.943181818181817	4.886363636363637	4.791666666666665	4.659090909090907	4.583333333333333	4.5643939393939394	4.507575757575756	4.469696969696969	4.412878787878788	4.204545454545456	4.053030303030304	3.768939393939394	2.8977272727272716	2.064393939393939	0.9659090909090939	1.439393939393939	2.8598484848484844	3.750000000000001	4.034090909090911	4.204545454545454	4.488636363636364	4.791666666666669	5.24621212121212	5.606060606060606	5.81439393939394	5.909090909090911	5.96590909090909	6.003787878787877	6.0227272727272725	6.022727272727273	6.060606060606062	6.117424242424243	6.155303030303029	6.193181818181817	6.212121212121213	6.2310606060606055	6.212121212121211	6.2310606060606055	6.25	6.2689393939393945	6.268939393939394	6.306818181818181	6.325757575757575	6.34469696969697	6.344696969696971	6.344696969696971	6.344696969696971	6.363636363636364	6.363636363636365	6.38257575757576	6.382575757575756	6.382575757575756	6.401515151515151	6.401515151515151	6.420454545454545	6.420454545454545	6.420454545454546	6.420454545454546	6.401515151515153	6.401515151515153	6.382575757575756	6.363636363636362	6.34469696969697	6.325757575757576	6.325757575757576	6.287878787878786	6.268939393939394	6.25	6.231060606060608	6.231060606060608	6.193181818181817	6.174242424242424	6.15530303030303	6.155303030303032
3.77742946708464	3.699059561128526	3.7147335423197507	3.73040752351097	3.761755485893418	3.7931034482758648	3.793103448275862	3.73040752351097	3.6677115987460813	3.620689655172414	3.683385579937306	3.4796238244514113	3.0094043887147333	2.8683385579937277	2.805642633228839	2.6645768025078387	2.460815047021944	2.523510971786836	2.366771159874608	2.2413793103448274	2.1473354231974935	2.1316614420062714	2.1473354231974935	2.2727272727272743	2.9623824451410665	6.583072100313479	4.780564263322885	3.2915360501567394	2.6332288401253914	3.2915360501567394	3.4952978056426343	3.6520376175548592	3.699059561128526	3.77742946708464	3.793103448275862	3.793103448275862	3.77742946708464	3.7460815047021923	3.77742946708464	3.793103448275862	3.793103448275862	3.7460815047021923	3.6833855799373034	3.620689655172414	3.4796238244514086	3.3385579937304084	3.150470219435736	2.978056426332286	2.1316614420062687	1.0658307210031357	0.8934169278996856	0.7523510971786841	1.0188087774294676	1.4263322884012541	2.068965517241378	2.225705329153605	2.178683385579937	2.1943573667711602	2.2727272727272716	2.3354231974921618	2.3667711598746095	2.366771159874608	2.3824451410658303	2.3824451410658303	2.3667711598746095	2.3981191222570537	2.413793103448276	2.413793103448276	2.413793103448276	2.429467084639498	2.429467084639498	2.429467084639498	2.413793103448276	2.413793103448276	2.4294670846394997	2.4451410658307204	2.460815047021944	2.4921630094043885	2.507836990595611	2.5235109717868345	2.5391849529780566	2.5391849529780552	2.5548589341692787	2.5548589341692787	2.5548589341692787	2.5548589341692787	2.5548589341692787	2.5548589341692787	2.5548589341692787	2.5548589341692787	2.5548589341692787	2.570532915360501	2.570532915360501	2.5705329153605025	2.5862068965517246	2.5862068965517246	2.5862068965517233	2.5862068965517246	2.6018808777429467	2.6018808777429467	2.6018808777429467	2.6018808777429467	2.6018808777429467	2.6175548589341693	2.6175548589341693	2.6175548589341693	2.6175548589341693
6.728110599078341	6.705069124423964	6.682027649769584	6.682027649769586	6.635944700460829	6.543778801843316	6.52073732718894	6.474654377880186	6.520737327188938	6.981566820276496	5.990783410138248	7.25806451612903	7.327188940092167	7.1889400921659	6.866359447004609	6.336405529953915	6.774193548387095	5.967741935483868	7.2119815668202785	7.649769585253456	8.45622119815668	8.709677419354838	8.894009216589861	8.709677419354838	8.617511520737326	8.709677419354842	6.4746543778801815	0.9447004608294934	2.1889400921659012	3.1566820276497674	3.341013824884791	3.6635944700460827	4.101382488479263	4.562211981566819	5.069124423963132	5.483870967741936	5.691244239631335	5.622119815668204	5.345622119815668	4.723502304147467	3.801843317972349	2.8110599078341028	2.004608294930876	1.451612903225804	1.1059907834101392	0.921658986175116	0.8755760368663612	1.0138248847926277	1.3594470046082945	1.5207373271889404	1.682027649769586	3.341013824884791	6.566820276497695	6.705069124423963	6.105990783410139	5.64516129032258	5.368663594470046	5.161290322580644	5.000000000000001	4.838709677419356	4.7465437788018425	4.815668202764978	4.907834101382488	4.953917050691245	5.115207373271889	5.092165898617512	5.0	4.930875576036866	4.838709677419355	4.746543778801843	4.700460829493086	4.654377880184333	4.608294930875576	4.516129032258064	4.423963133640552	4.377880184331798	4.400921658986175	4.4239631336405525	4.423963133640554	4.493087557603686	4.608294930875576	4.654377880184333	4.5852534562211975	4.516129032258064	4.447004608294932	4.354838709677419	4.285714285714286	4.2857142857142865	4.193548387096775	4.1013824884792625	4.124423963133641	4.193548387096775	4.23963133640553	4.354838709677419	4.516129032258064	4.516129032258064	4.493087557603687	4.447004608294931	4.354838709677419	4.308755760368664	4.2857142857142865	4.2396313364055285	4.170506912442395	4.078341013824885	4.032258064516129	4.032258064516131	4.055299539170506
Width, m
1574.0866666666668	1487.5575	1334.615	1136.1250000000002	970.2291666666666	875.1858333333333	786.3958333333335	752.4366666666668	736.2675	736.3841666666667	746.8083333333334	750.9691666666666	751.9041666666667	748.1125000000002	741.7266666666668	747.1100000000001	774.8941666666668	772.6191666666667	761.0525000000001	750.8816666666667	750.8841666666666	806.6391666666667	1204.6533333333332	5757.890833333334	5966.088333333333	5967.083333333333	5967.083333333333	5967.083333333333	5967.083333333333	5966.395	5956.18	5932.3825	5843.213333333334	5792.366666666668	5731.153333333335	5585.071666666667	5423.748333333334	5297.171666666667	5115.855833333333	4641.37	3977.1358333333333	3150.16	1804.8374999999999	912.5116666666667	597.8691666666666	529.2858333333334	493.76666666666665	485.27416666666676	477.58583333333337	470.58333333333326	463.6233333333333	457.8400000000001	451.8783333333334	447.1333333333334	442.51000000000005	437.43749999999983	433.13583333333327	423.7533333333334	419.45666666666654	416.23083333333335	413.58083333333326	410.0683333333333	405.72166666666664	401.9891666666667	398.8149999999999	395.81166666666667	393.06249999999994	390.5516666666667	387.955	385.2925	382.1341666666667	378.7108333333333	375.46583333333325	372.9591666666667	370.95416666666665	368.8225	366.92	365.49499999999995	364.2216666666666	362.9491666666667	361.6758333333334	360.28666666666663	358.9166666666667	357.7908333333333	356.5833333333333	355.2	353.9016666666667	352.5016666666667	351.4175	350.5641666666667	349.60833333333335	348.7033333333334	347.7475	346.7341666666667	345.4808333333333	344.3733333333333	343.4591666666667	342.0508333333333	340.72	339.08166666666665	338.00666666666666	336.79	335.165	334.27416666666664	333.325	332.4008333333333	331.8125
2986.654285714286	2809.972857142857	2555.5914285714284	2298.0014285714287	1936.5242857142857	1655.6314285714286	1396.5	1175.5028571428572	1034.6971428571428	947.5514285714286	911.6514285714285	909.41	908.5014285714286	893.9328571428572	852.42	811.6428571428571	851.97	897.3757142857141	896.6757142857143	861.8885714285714	817.7671428571427	834.9271428571428	975.7957142857142	1809.3385714285712	3825.437142857143	3825.62	3825.714285714286	3825.714285714286	3825.6385714285716	3825.5214285714287	3825.4	3823.9785714285713	3822.0214285714287	3818.454285714285	3812.2285714285717	3801.91	3781.2685714285717	3768.547142857143	3730.6171428571424	3667.391428571428	3610.6471428571426	3540.337142857143	3262.7085714285718	2420.567142857143	1328.1957142857143	672.6471428571429	429.1657142857143	349.1014285714286	340.0242857142857	334.10714285714283	329.4371428571429	325.3885714285714	319.5885714285714	312.6914285714285	308.0142857142858	301.7985714285714	296.39142857142855	291.96999999999997	288.64	285.9757142857143	283.5757142857143	280.4814285714286	275.0185714285714	269.9057142857143	265.8471428571429	263.34714285714284	261.5314285714286	259.01	255.8542857142857	252.37285714285716	248.7157142857143	244.57000000000002	240.01	236.17142857142858	233.32	231.06285714285715	228.83571428571426	226.61999999999998	224.83285714285714	223.24999999999997	221.73142857142858	220.17142857142855	218.47571428571428	216.89714285714288	215.5814285714286	214.3942857142857	213.20142857142855	206.03714285714287	204.58857142857144	202.96	201.59285714285713	200.17142857142858	198.37857142857143	196.39714285714285	194.36714285714285	192.11285714285717	189.95142857142858	188.34285714285713	186.42714285714285	184.55285714285714	182.38999999999996	180.53857142857143	178.89142857142858	176.5685714285714	174.8757142857143	173.94	172.96857142857144
3981.1949999999997	3846.14125	3762.70875	3690.6862499999997	3558.2200000000003	3393.9774999999995	3055.1050000000005	2694.45625	2524.6362499999996	2348.7387500000004	2267.49125	2238.7787500000004	1967.4624999999999	1675.3112500000002	1407.56	1166.38125	1034.975	1062.9637500000001	1073.9325000000001	1062.96625	1029.345	1009.6949999999998	1057.115	1250.1875	5674.025	8481.963749999999	8513.3025	8530.97375	8522.37125	8496.53125	8426.46125	7791.327499999999	7250.405	6896.026250000001	6565.42375	6252.1625	5882.268749999999	5386.5112500000005	5219.771250000001	5071.2837500000005	4911.49125	4712.2162499999995	4212.5525	3892.6512500000003	3501.0375	2513.74125	1812.2325	985.54375	438.28499999999997	365.22249999999997	353.3925	348.01875000000007	327.72125	310.32375	293.2075	283.51625	275.63625	269.23125000000005	264.3225	260.15125	256.27625	251.535	245.62875	239.26375	233.115	227.92125	223.21124999999998	217.93874999999997	211.91750000000002	206.99874999999997	202.9075	198.51624999999996	193.46750000000003	188.45374999999999	184.31125000000003	181.24125	178.64124999999999	176.38875	174.44875	172.80875	171.34125000000003	169.8575	168.39	166.76625	165.315	164.11125	162.92	161.79250000000002	160.63125	158.82625	156.98000000000002	155.23499999999999	153.3175	151.23	148.98874999999998	146.59625	144.07750000000001	142.15875	140.16	137.99375	135.63875000000002	133.28	131.575	129.6	127.73375	126.80500000000002	125.91625
7987.530000000001	7528.098	6956.617	6543.380999999999	6140.6449999999995	5830.938	5482.183999999999	5021.716	4504.04	4076.621	3701.3840000000005	3411.7759999999994	3338.2630000000004	3191.185	3026.523	2786.341	2577.918	2376.612	2468.5019999999995	2623.8759999999997	2730.312	2723.3599999999997	2727.327	2818.09	3211.557	10937.150000000001	13316.032000000001	13433.521000000002	13440.102000000003	13355.016	13176.059	13011.136999999999	12748.317	12533.932	12356.391	12152.192	11831.602000000003	11438.187000000002	11110.179000000002	10766.190999999999	10387.837999999998	10023.815	9514.408	8876.007000000001	7885.8910000000005	6494.58	5282.256	3818.9809999999998	2796.517	1647.127	1049.105	927.232	723.4300000000001	394.201	257.61199999999997	222.81300000000002	214.75	211.68099999999998	210.038	208.969	208.24099999999993	207.72299999999996	207.231	206.64299999999997	205.98599999999996	205.31900000000002	204.724	204.116	203.48900000000003	202.89399999999995	202.318	201.757	201.176	200.54000000000002	199.88099999999997	199.28799999999995	198.783	198.362	197.99500000000003	197.68999999999997	197.424	197.187	196.975	196.76399999999995	196.544	196.33400000000003	196.135	195.93200000000002	195.71699999999998	195.51100000000002	195.321	195.13799999999998	194.961	194.79999999999998	194.637	194.47099999999998	194.294	194.11399999999998	193.93900000000002	193.76199999999997	193.574	193.376	193.17199999999997	192.986	192.796	192.62099999999998	192.461
8083.255	7981.336666666666	7816.735000000001	7666.888333333333	7497.961666666667	7336.143333333333	7190.260000000001	6913.589999999999	6559.045000000001	6423.445	6613.828333333334	5838.078333333334	5884.483333333334	6120.236666666667	6365.988333333334	6225.099999999999	6127.593333333333	6139.615000000001	5351.666666666667	4942.028333333334	4744.679999999999	4763.078333333334	4732.778333333334	4709.933333333333	4764.425	5003.116666666666	10554.136666666667	10889.5	10889.5	10889.5	10887.111666666666	10827.481666666667	10732.644999999999	10613.313333333334	10394.893333333333	10163.755	9925.511666666667	9659.471666666666	9520.76	9510.623333333333	9588.018333333333	9845.294999999998	9966.15	10041.11	10044.328333333333	9964.251666666665	9773.505	9384.83	8895.37	7481.233333333334	6207.691666666666	4046.5066666666667	1788.0216666666665	774.3816666666665	263.93666666666667	236.05999999999997	226.70166666666663	220.27166666666665	215.21666666666667	211.78	209.23333333333335	207.24166666666667	206.0566666666667	204.83166666666662	202.56166666666664	201.1533333333333	199.54	198.07333333333335	196.66666666666666	195.34333333333333	194.14999999999998	193.085	192.16166666666666	191.30999999999997	190.34500000000003	189.0716666666667	187.865	186.94833333333335	186.09	185.00833333333333	183.77666666666664	183.16833333333338	182.52666666666664	182.05999999999997	181.79333333333332	181.83833333333334	181.81499999999997	181.66500000000005	181.9416666666667	182.25166666666667	181.80499999999998	181.12	180.59833333333333	179.625	178.32333333333335	178.12	178.06500000000003	178.21833333333333	178.39166666666668	178.34833333333336	178.21	178.19833333333335	178.32333333333335	178.52333333333334	178.5	178.2033333333333	177.74666666666667
Standard deviation on slope cm/km 
0.1000 
Standard deviation on height cm  
0.1000 
Standard deviation on width m  
0.1000 
